-0.5439529967993799, -0.37818651772594425
0.9545160732998135, 0.12132740766265582
0.8989932717872529, 0.20519978976782438
-0.998943215642436, 0.05306802358287466
0.8609321808815191, -0.9014818506543836
-0.3056537621353448, 0.021739642507543566
0.11928457018212524, -0.5233075847491193
0.23371110232692116, 0.300594078180908
0.9025387973188759, 0.7784183288258821
-0.9045403008510138, -0.13902721562333986
0.5987995756187012, 0.7850851013385518
-0.40462108615257275, 0.0010432186178208624
0.6412389964312828, -0.6709205799498359
0.5286612410644436, 0.1945984859295644
-0.3599429358970512, 0.8022432811296967
0.03843897774823812, -0.10131872107780149
-0.9701881874052292, -0.7112046560879335
0.4664683127761553, -0.025159535350416817
0.16493579771584743, -0.2693189572271759
-0.1955663309757938, -0.5107358854027233
0.383980453527605, -0.5192527408813405
0.09882092615673654, -0.054673843278362444
0.950104742071251, -0.7530824022472355
0.18087543561969355, -0.40293782385265553
0.5921192002231832, -0.6490079233659707
0.46705878220572905, -0.7761884433942681
-0.3042751568838884, -0.07085986847733894
-0.6102482907500317, -0.45869878527678787
-0.9749284904194533, 0.18070697814096093
-0.774365582243653, -0.23607073451057015
-0.8546949460402042, 0.022412951050754693
0.3339486715509161, 0.9700266966190434
0.5585078166153752, -0.44618208979414087
0.7954815207101111, 0.0327896319365204
0.36866512625000336, 0.8930907519468543
0.8316066496984984, 0.8857775347011676
-0.48503108028974395, 0.5147719071814529
0.6059215249257848, 0.6514446966952574
0.0030113171113062, -0.9151680362386099
0.3498177522365169, -0.3782579015950902
-0.33256672077984084, 0.010372002970585825
0.30218989752486314, -0.5071938116204591
-0.22293555317066116, -0.41240211445422936
0.1718305330859633, 0.495986315635768
-0.46343562041961306, -0.29939645969395356
0.6628249998101545, -0.8145297557851003
0.12011212684715034, 0.7183164680186174
-0.5039222062929827, -0.6066678968510033
0.6913060851954733, 0.41193917211370135
-0.20610047556395283, -0.9101173088551053
0.873066613635461, -0.2934251921535298
-0.19435793275886115, -0.7160316930367268
-0.37075940249183303, -0.7915522837124587
-0.8012043983935935, -0.3599015713697937
0.5855439970170544, 0.31566680300776406
0.856816322893637, -0.008791790965286594
0.5586193167506932, 0.5812883860712172
-0.830582273904688, 0.2754481909520161
-0.5290030757989688, -0.8567242269414919
-0.2219466158572012, 0.2726687639656922
-0.7690365758441637, -0.28202845180847547
0.701103478652092, -0.38410556123702455
0.6134352911719587, 0.5970709244881167
-0.5835734055985276, -0.8859095332612208
0.2907771872810734, 0.5212711427283518
0.275074273831182, 0.8095042727460362
0.7391588351405245, 0.6614538104316203
0.2580922970322077, -0.3069934919410551
0.9964744074259404, -0.3132793593389749
0.9926076334064786, 0.1060152853152232
-0.09636621424541802, -0.7839919749157078
-0.2505886225634195, -0.9804235396184566
-0.3925728984863537, -0.8249538261000866
-0.6950226542475413, 0.07344852640985122
0.4028921205315541, -0.4784006327300967
-0.220969352935817, -0.27847931882893673
0.3954542016173672, 0.4022867017281151
-0.2397744063428069, 0.9587100423073358
-0.09537506068855639, -0.8249600449376231
0.1654389919443433, -0.9643607665617473
0.9878819780352492, -0.8016292398704492
0.979891286025206, -0.06814089175780325
-0.5366084430141209, 0.48109042600889196
-0.39830539924644626, 0.653833099401909
0.16330826528244158, 0.15320482501712784
-0.39431737457623117, 0.801885798271962
0.28113277801612524, -0.9321699764300997
-0.5517712092699243, -0.6370481197542606
0.18574430176451417, 0.19822888738498068
-0.3200513032341705, -0.5708231461991349
0.8542495218373698, -0.5855444780066219
-0.8290477513452152, -0.6892267873378148
-0.6156201735068976, 0.6084443524288137
0.9605585284988194, -0.2344849451824007
0.6561753284901259, 0.19930363206192814
-0.6136179716740451, -0.1148533208074769
-0.3228650435348579, -0.715007876808383
0.20968569379394197, 0.8288014087015139
0.9322471350828667, -0.9696118729055965
0.4129885142513028, -0.8799289459201831
-0.7566133273080717, -0.6736617908009717
0.05929533450403501, -0.22980905201916335
-0.6562289438561255, -0.30417780899817415
-0.7388328891235336, -0.2599267192114969
0.48557985164803363, -0.7777751328346623
-0.34091648662610297, 0.35306446749930864
0.5930382210651952, -0.769606454996145
-0.3055089050139539, 0.5665299172245035
0.4746209053232944, 0.6823909455279376
0.9114922450872205, 0.029106075153142008
-0.7024946781374406, 0.6582251543856188
-0.5594643369177128, -0.9026160747226697
-0.21450454649940576, -0.2746425002144939
0.2746146629105206, -0.25987096530323717
-0.30241791779809035, 0.058750455052374084
-0.5369001296077649, 0.2789283580620645
-0.2528076054258501, 0.7476017176055274
-0.7885180868807413, 0.2929872798566453
0.3451274904566668, -0.7306328549658525
0.18295155548125108, -0.4717640061919055
-0.7946730050614716, 0.7427391870185593
-0.6728307487880496, 0.5232351945218772
0.739708595198691, 0.4344734568003834
-0.7610664285045163, 0.1573688711514738
-0.36797495859296636, 0.14686796566267923
-0.651753374348391, 0.09566945314172837
0.22382763791798022, -0.5008817002500741
0.48792998308807256, 0.013768480898427082
0.723974674532645, -0.8227370292258436
-0.10263683577370575, 0.6854623219642071
0.29061186395985295, -0.7760817500549355
-0.8219219975092285, 0.3709806870185357
-0.32349043345127715, 0.644991404989451
0.8560018840816559, 0.3086436689255716
0.9506122339445775, -0.41463529560959134
-0.07063616232805314, 0.4379949142483188
-0.958958852695466, 0.09554297998071104
0.43514839144888007, -0.3287766847156024
-0.21802990427132563, 0.5521050255103579
0.7304671612830247, 0.8120018269157643
-0.9726732576336057, -0.5681428008217606
-0.44158308647436195, -0.770202511571513
0.476918471628061, -0.026966663284241577
-0.32007428881443434, 0.5475204079614433
-0.06769085704688438, -0.4357372988644941
0.11937305076836902, -0.12286679695134217
-0.26241985607670704, 0.8877826645744977
0.893029189500292, 0.3796410724923285
-0.1358960321132514, 0.3136440091735502
-0.9227848726298995, 0.5555362074513774
0.9085252437017783, 0.6599612553668193
0.5072481870953567, -0.7126337410733135
0.5890031139945218, 0.3353893963932084
-0.10611885459061043, 0.4451831001526567
0.2845960556664868, 0.5761805959010753
-0.9009288578075245, -0.543700383173572
-0.4712279722474848, 0.10032215866589556
0.8096940506418506, 0.2000405843959956
0.5499245104734665, 0.6464447751534246
-0.14280339787124463, 0.14135182642598965
0.5507365060268963, -0.8199128002414326
0.3142495987650413, 0.3042700301090644
0.8602922639171957, -0.9343657063439232
0.2483106583621757, -0.7699356627238141
0.11732991982140217, -0.7156949989745336
0.8077699637778222, 0.5521246048774604
0.11266550603534853, -0.624066066572075
0.8112276526251048, -0.3676878196724209
-0.7636829156045879, 0.006420245004406189
-0.0309804042617976, -0.9849129236409342
0.5274923295044431, -0.8768911424750525
0.042462015479067805, 0.1917255287603521
-0.6096582289037271, 0.17523385763073152
0.0677065473190015, 0.3758224762885374
0.17433774281114123, 0.330867739068766
-0.4011443348865389, -0.5688017731091299
-0.4249788084989783, 0.5979592390213528
0.3280807602120228, 0.7037242811727926
-0.06766040161492559, 0.8689029314258432
0.3348130243041061, 0.6460606084334171
-0.0750632878214974, 0.8330546496002085
-0.17797312478219873, 0.7629932039895795
0.5084166585105456, 0.2752554422797797
0.5689330809520008, -0.7891226443612502
0.15744760777992872, -0.5980729580154167
0.022652655902168917, -0.4761323056474831
-0.22492513914030843, 0.33797839597893486
-0.11705837273795727, -0.557910546828926
0.12542469082602414, -0.6132414314746872
0.14633345142868848, 0.22380218001297858
0.9193621608535818, 0.3750455263471961
-0.6877348308372977, -0.48462045946598753
0.9312796141922337, -0.446157621833037
-0.31285977196163817, -0.4500025735322697
-0.9894550295108031, 0.22444617931094446
-0.516702931185447, 0.7998020338016565
-0.12418388640402989, -0.13603670571042348
-0.25059326724708986, 0.845737818078256
0.18811682538103702, -0.1114605909534665
0.18798186234037972, 0.2205086814848356
-0.09382322364732132, -0.3816914424247162
0.24425080024491996, 0.15518594243903516
0.18731171447909323, 0.9301350497962633
0.23988064719777125, 0.6139868637785564
-0.7958390618090285, -0.1624300714240241
-0.1300066405415068, 0.4841339236084712
0.06250334614312347, 0.2513797771050872
0.7397168254232631, 0.8662688119334196
-0.9754391103496285, -0.8712854367758052
-0.25566463103416504, -0.052284870588585
0.8144495222190113, 0.9365949190242266
0.22649249698943996, -0.15699054714384242
0.08580519505338868, 0.26623169553071513
-0.8551162272470976, -0.22398015955481898
0.5447223217862072, 0.10745671986006777
-0.0030924910648622017, -0.48436571978815923
-0.11623754096573546, 0.12389517948567708
0.9174139386447866, 0.7979863874674549
-0.8952153077518896, -0.992211807089858
-0.372425835555912, -0.22224115055048177
0.9020455211751859, 0.21043503598925062
0.5796713000683031, 0.925747661651606
-0.4370743534120807, -0.5404112867758557
-0.6393711525224186, 0.42437392711502353
-0.35409896103667204, 0.6146944917250592
0.4430912374414222, -0.1012707423296193
0.5842826634735563, 0.6607850676901221
-0.5739715631994222, -0.9258952466690145
0.7895195389882568, 0.37514171267913454
-0.8091113870844657, 0.12026680781729993
-0.6081212805964216, 0.8545677957018147
-0.010807661134128121, 0.349431977158994
-0.8623933858387147, -0.1521066291770854
0.11179165140704539, 0.7108096190954316
-0.6486908266314697, -0.0706873277966058
-0.03319675599414862, 0.30859080633901415
0.6617259474278738, 0.08923161374677169
-0.08014485144924066, 0.926685872021203
-0.02692849288986876, -0.9970990775899189
-0.6374103944830423, -0.7412133374033265
0.6489239398136479, -0.3887084106158454
0.12244547512014825, -0.010674354297714794
0.7676288762283514, -0.657885813284816
0.6550179539809942, -0.19257342077191875
-0.17317820836579378, 0.5420846472317085
-0.12126926948060013, -0.4715406871542458
0.47337832778577105, 0.4135549631297606
-0.36117289239302885, 0.9537028496771462
0.1882701284601087, -0.8938159994202031
0.27552596150079167, -0.4765982970897087
-0.8853623881726076, -0.540943726191639
0.6717550523748317, 0.7024798130738314
0.23648731617589114, -0.3117777549253986
-0.14490830441415725, 0.5884009586235261
-0.36868263717151506, -0.47829324813414886
-0.9399383605533491, -0.7703488011478872
-0.20582426931502984, -0.2531430230476093
0.09346983825023081, 0.49189827510158235
0.24633068164075067, 0.9555485495668354
-0.9603576147388322, -0.01760898946116818
0.2554939082663392, 0.5146940728880696
-0.8065439091463142, -0.8733960558206031
-0.2740982858574701, -0.9579875169866143
0.5701125023473219, -0.13582366249562727
-0.08318742509574917, 0.8647852785996397
-0.8385717478702748, 0.12461426823251465
-0.10564071297120647, -0.32639641878593806
-0.5936818340764864, 0.9059036018995439
-0.20661405118492482, 0.9914748135527411
-0.6214213340381411, 0.03184777730115029
0.45410325298637333, 0.3337094811036594
0.06799329800633847, -0.47392745556700255
0.59605870817109, 0.9704423571044705
0.3936409217691814, -0.2559953162489621
0.5326492398334122, -0.0020718105114139185
0.40681364565722755, -0.929609035818405
0.634352546144846, 0.6029554105824144
-0.5455939286912266, -0.6442289669386811
0.6720514220568279, -0.625121827181375
0.19058950379718897, -0.36597072092765126
-0.21642835372519675, 0.9737918341833873
-0.2851441582954599, 0.3476465237593951
-0.9415658380500578, -0.5144606524345512
-0.30684605243894225, -0.7504100644588156
0.3665459495576273, -0.189135830120174
-0.5904975490248954, -0.13681792609744958
-0.940510273316447, 0.7710395695496466
-0.6193462800826111, 0.9655351002438319
0.0018847226214637747, 0.4949513870674118
0.5577131526944092, 0.37115078305929905
0.4402382361833883, -0.3056043167847968
0.19788132421990956, 0.13171516453557897
-0.9171815582094809, 0.024531253491029137
-0.6482442879262926, 0.8883571466563942
-0.7418955101821876, -0.9589039375739663
0.6826355797218402, -0.551376299292927
0.865997803245643, 0.6930951139032651
-0.8761626685836315, 0.7263511720261828
0.10604724551103062, 0.33614118134092785
-0.3528096118430868, 0.3269466965738206
0.6515303922687636, 0.03476453219433684
-0.7487156411614173, -0.5366789823529459
0.39348689147619087, 0.607111693915013
0.4881661774242261, 0.32770282963120456
0.4120742441856291, 0.7762545406229333
0.27414295230830343, 0.056905655339576144
-0.9980817757356235, 0.20510201605348466
-0.0679400692895551, 0.021180840682788693
-0.6856061926126138, -0.2059260685449884
0.708906160476606, -0.10929539280138245
0.18567757005230745, 0.8477677180477103
-0.7702305360882058, 0.05036368933629731
0.29158492952853554, -0.4154333530176104
-0.2194933659215128, 0.4539230543666173
0.865355096410368, 0.03018022245510288
-0.1306709141140281, -0.781677724371127
-0.8522028203917194, -0.16061265731689578
-0.6604419960535735, 0.3155508827343063
0.6452117595602223, 0.42588284411991606
0.3388742138822112, 0.0673470256764126
0.4602860425201145, -0.18055913103245924
-0.9675643915466092, 0.9821466831745438
-0.1740171514759461, -0.04075753424874695
0.43320828757014684, -0.539203671007056
0.6822601171583216, 0.8473043270520864
-0.9953522607288954, -0.7539357595672347
-0.051209623681980565, 0.0649586799160482
0.8621863948601896, -0.783037353089763
0.9468807932471812, 0.6511113525367915
-0.15218353445684873, 0.5930321882899849
-0.7056115133313652, 0.6815545894914035
-0.10262123453877559, 0.8071252240388678
0.8717656420950326, -0.09475491508143619
-0.15704171090807972, -0.003911392482385478
0.6611149848268463, -0.8939622582515412
-0.993354994710735, -0.9522915689995168
0.9126878584840805, 0.33374949628037087
-0.42163885346964314, -0.5177908474616664
-0.9306808249840302, -0.3204799964263658
-0.4480798750936408, -0.21591002881504417
-0.15516704440929696, 0.23801428100978939
0.19457926545093818, -0.3326159374326212
-0.5758334309911299, -0.030672302741731494
-0.6001666632234812, -0.04607890185786512
-0.05753380071789538, -0.7404386797293494
0.8790478665943744, -0.6142172707799758
-0.2716223172207717, -0.5649777737548549
0.548365304470078, 0.15755084021979426
0.7753561783877925, 0.5516880936812345
-0.4426450610870758, -0.5454747189258187
-0.5851856284423704, -0.4910223560900966
-0.5575929701714311, 0.33024503455431775
-0.8184672668224717, 0.18900068068857956
-0.43392993162867666, 0.14922671461497905
-0.6817971763423405, -0.945538667673431
-0.8792903587096095, 0.3521389235755523
0.6852353657662502, 0.19084874951117325
0.2750283102592157, -0.4105176097376151
0.005010899710183869, -0.39573033468113783
-0.6686501212949714, 0.14557916998200104
-0.7947235948688414, -0.5678237841321376
0.07569044124637281, 0.41587135293593636
0.14065087749739202, -0.15679590944957278
0.521590583645039, 0.09780850572824118
0.210204760103619, -0.2722935826405357
-0.3139411792755562, -0.375975213876272
0.7828812569570265, 0.5725259027037495
-0.3233907017408397, -0.2271048781185665
-0.2609743480011575, 0.1589269428825517
-0.4278780529056685, -0.6347603538198598
0.6455947935101272, -0.7877131056147337
0.5173763089614165, -0.030792784427500663
-0.9886831071761271, -0.9166507600145397
0.1476134305410821, 0.5045097605239754
-0.7323791676882194, 0.9812418566748431
-0.14419821847383973, -0.48516721153872044
0.24762272336517, -0.49804695550770073
0.35065804966249225, 0.9864748257371223
-0.2689354827620354, -0.678577075837171
-0.42691046044069214, -0.16820473962525195
0.5532764782857391, 0.18759839770650166
0.11074298040855912, -0.5162445272452232
0.31680215497407227, -0.14419668728189716
0.18709121347914404, 0.6946490131553431
-0.18503142309329146, -0.173365860193464
0.333391738001815, -0.374995994905176
-0.010866581353851545, 0.7315250875035175
-0.23410180362344546, -0.677614075015893
0.258320871299901, -0.5452864800877326
0.9931475879404132, 0.5711906945701348
-0.40799721162029057, -0.2792544846242375
0.5380374671914805, -0.26612803596776824
0.5720890310585467, -0.0551756548005955
-0.6164759775554398, -0.5968997625380892
0.6882851532704259, -0.022064446290773976
-0.6229863638063982, 0.7343885719511589
0.16984694937864941, 0.9153794136986402
0.3546201247671299, 0.4703873453076033
0.3628139581754628, 0.2702058262261704
0.7024059246284293, -0.1878568572205228
0.785647006595273, -0.2692365745942382
-0.0980733504420579, -0.7154544568397052
0.46301848533555545, -0.3879490917457047
-0.6186773985545699, -0.11279188108697502
0.7986132107930681, -0.8973088821517861
0.3309891334375479, -0.255149862650466
-0.9968691254390969, -0.41923808800733364
-0.8502929111403184, 0.03539114093145557
-0.9041040597456844, -0.4774538921095468
-0.3505006370407129, -0.14705320149805812
-0.05965156548791839, 0.6172401144551409
-0.6978486630864811, -0.05319827115862674
-0.0778033664712201, -0.062346905651148754
-0.3124865266447203, -0.11636765291016538
-0.2289821522591602, 0.7237790986217016
0.7111447549241086, 0.15824902710586097
0.1228789784449742, -0.37610706112680625
0.033894510929488586, -0.6045522973003197
-0.45515221822105456, 0.08929484755177386
-0.12606624780615672, 0.828793724385956
0.14250061332318142, -0.5812449240182971
-0.7685366672418692, 0.3932449359295491
0.11497914687579947, -0.4128236015458917
-0.9014874990420825, -0.7483777822858553
-0.6907580638077488, 0.7426919083201844
0.1284757952585447, 0.6805392695401542
-0.07997608525204147, -0.5674190296416834
0.9138905953860172, 0.3786693892618156
0.44847543323655903, 0.5385861794252071
0.3223472324466643, -0.7691796422595336
0.4659833008705614, 0.19805685739716283
0.6152710795695835, -0.18251283128389395
-0.5492417350620806, -0.7400224954799137
-0.028323990439542923, -0.04153762489422008
0.8070655426907858, -0.17784073445204185
0.014049108960952905, -0.28343880324978654
-0.022970217624365574, -0.7450443353069303
-0.7322022026336086, -0.6382455846568291
-0.04167684862922405, -0.5660171325199583
0.5195664584707389, -0.10830052952071711
-0.09257190550430527, 0.32561879179769027
-0.8449056172153535, 0.05162427156034055
0.37218510049626463, -0.4533494362752817
-0.5904148732807588, 0.9219010505117002
0.7615736193332954, -0.8385141314002393
0.7576549496842431, 0.2366546510708769
0.4925888545557313, -0.9726145710268017
0.3804836059737966, -0.529818697767442
0.9863114881684232, 0.47046470986021016
-0.7405015347506851, -0.7803047185350838
-0.013848414502908968, -0.045773228374565766
-0.7514757322371102, 0.7510023910166983
-0.2657909364040074, -0.5748430121775105
-0.889364290106071, 0.0530468590438502
-0.6396424717040132, 0.21700328922493206
-0.24088181862204294, 0.16595462323386
0.09067265788475942, 0.6439941482352676
-0.35075460041993844, 0.10851562168862072
-0.3287825802072959, -0.7654367546254628
0.14050275956802327, 0.5958752929103579
0.16070386085483213, 0.09684899631226584
0.2108011130495353, -0.35516755872644423
-0.9503180909278681, -0.28963935320653134
-0.8277003455839589, 0.016360803520297784
0.5396291733001866, 0.941255638408697
0.4695533464857986, -0.004308970677493029
0.7805614152365679, -0.1942091240709818
-0.4086792679234501, -0.03817906591272635
-0.21215441193577522, -0.48151510222107485
-0.09629206163886117, 0.9276634857126533
0.25157187643306633, -0.09146956220205316
0.46168201027723677, 0.2863726277213434
-0.551844097351843, -0.11812857504011598
0.4443514152618948, -0.34426493482522935
0.09878794135714819, 0.4356399587030606
-0.7917760028084952, 0.8628906246265595
-0.8828352144060492, 0.3255304592257864
0.2671342271977606, -0.6704107116519566
0.7329467430712233, -0.2960495608127338
0.9730322507567462, -0.2024634781467618
0.25936427015066954, -0.6575208301463127
-0.19601667763950248, 0.4380621908246898
0.3313057971321083, -0.708610231348439
0.7326697261381734, -0.6125089814708256
0.6686896213057696, -0.055362371958598056
0.6738738779864575, -0.8733527861168529
-0.13685366174454927, -0.8609979672594781
0.11805607292082221, 0.07125242483481897
-0.7303365259910937, 0.24567150444395458
0.47319157461007766, 0.40876630823776394
0.20488025622065154, 0.7931688904098113
0.21805025439739478, 0.3488372261464472
-0.5993709386702482, -0.4564846402500602
0.4662568179221147, 0.5428847934755998
0.88900019608335, -0.736685567178242
0.20232718971653463, -0.2220352369615568
0.45098426312708195, 0.19043882347777563
0.068833913580719, 0.9973967307052032
0.8257364963429765, 0.4517535940531807
0.22300061841260121, -0.7973078813457668
-0.7582880038661923, -0.2960058060750905
0.6743695546490391, -0.2105284906846907
-0.591840869942784, 0.6269139315794079
-0.7939518441286348, 0.3290737808709916
-0.2377325027252688, -0.3477289986088643
0.5899627894909856, -0.37202014376461867
-0.6952090632842882, 0.02675662833479553
0.1210866753334674, 0.8508552899006445
-0.44136924641460484, 0.44420435371910916
-0.10247663318761613, 0.6146945904119734
-0.8104936148431245, 0.7653681879325247
0.8344991148288856, -0.9244495187969091
0.9405638631388562, 0.5457850384311704
0.8693581166065818, -0.008383137900060955
0.5983045926969481, 0.9333845236984879
0.07018650259350445, 0.2615749863406869
-0.8016379272840297, 0.030127418030473363
0.9338429846755008, -0.04684257463889163
-0.5363495349941316, 0.5908051197566992
-0.2587120951478199, 0.23826781118357832
0.6220217814945157, -0.5737682244010487
0.6571610180189418, -0.5166882352420867
-0.9408339612485241, -0.019036817625580404
0.40843453774191896, -0.7783379071597909
-0.3572469759881278, -0.0324684113212137
0.071548994240624, 0.20674020573468455
0.18647467949632812, -0.19041846091127734
-0.6212738325882619, 0.8648328569188073
0.3962676378918313, -0.8916308060873048
0.3043231017498147, 0.22510897386856898
-0.11020253305158989, -0.9690067213529219
-0.8061227130554529, 0.7067477906605844
-0.1967003864673711, 0.10242043699918812
-0.15778511370304438, -0.19662026960838386
-0.7368563679711104, -0.11193512625912816
0.9152034861981089, -0.21277038293721895
-0.2820877805759956, -0.7673093394574464
0.6680195719387145, 0.3795898592834839
0.08753850945901287, 0.3511263004033891
0.2801433496321166, -0.8284716328066155
-0.023576920163181248, -0.5243844509113555
0.8103363318244994, 0.1208309692851759
0.30312904371029736, -0.00699916260132305
0.39265860421248866, -0.41501233772852797
-0.2741042287872484, 0.05549445317638324
0.8458466649844265, 0.460394077902359
-0.8564884661985241, -0.3063747167308606
-0.7114300868552184, -0.8580691800253091
-0.8750936291994673, 0.12213690418399503
0.6095220683287281, 0.7224820985055347
-0.7264057056995079, 0.45257887737135505
-0.4260238235495917, 0.9581561781094075
-0.32616616172342905, -0.555958610782699
-0.12014026565757185, 0.9926551133665553
-0.13576308002536752, -0.644224844116879
-0.645550377387796, -0.32789850428794143
0.33049848922860714, 0.4913401065982632
0.8763325179180603, 0.9328170740906039
0.3855940258294335, -0.3227177677093602
0.1271753612069948, 0.7821265709946341
-0.7592389743942229, 0.816990996519749
0.06453607381986082, -0.8201360753489899
0.39932970945585833, -0.4824611164344186
-0.7075496772580994, -0.5469976588015377
0.9325814521461382, 0.2590698925336654
0.6439328086461489, -0.902683757472857
0.05007670096240413, 0.05361149825835598
0.2174524229764827, -0.3848698493779368
-0.5516748211959768, -0.3106620958158117
-0.361991864560951, -0.10057428426614878
0.9032418025199391, 0.0056711875362212005
-0.13025660602536715, -0.3430424617452179
-0.20641503187144106, -0.49545766550924286
-0.43446611161728543, -0.4445849030044844
0.25572865207559614, 0.39659167556587605
0.36348445793034445, 0.8354739560253666
-0.451141245364872, -0.7971241430388856
0.4827196526197106, -0.6400868967940867
0.7029944928479905, -0.6898206361268926
-0.7054171206685453, 0.5988345926535139
0.6665247468249358, -0.07757759128524788
0.6387165471299088, -0.9413514010983022
0.8089124183333039, 0.5945541935954208
0.015346706833082147, 0.17957807121550529
-0.3341528346032905, 0.35062517090534984
0.7514179307290958, 0.37477552677088344
0.23651472924577965, 0.48032681695469526
-0.21174481857490024, -0.39609585503033107
0.9356135443452569, -0.6740037885307391
-0.1422748396255722, 0.3749710791978811
-0.2843156773827018, 0.04389860228215703
0.25951351888301577, 0.4266203634090817
0.7720403103510887, 0.7325384418833956
0.5293393353555924, 0.07716231435093523
0.3566182773123956, 0.13310373330513703
-0.07008641796038906, -0.9103485206568038
0.2625550563255439, -0.5421422464849299
0.9259803000361162, 0.18961507882399609
-0.43077953992379525, 0.5327435992943494
-0.6120198037582403, -0.5167928665743924
-0.319542651298683, 0.7388609175501655
-0.7490283018046029, -0.3330237369763194
-0.1351504474628764, -0.5559719645968961
-0.2187794176362592, 0.7284976286366396
0.677053627903295, -0.674891062253304
-0.8612232812634788, -0.5015425172817227
-0.25767403813105894, -0.8632961122567264
0.31540023128893635, 0.15128645443136257
-0.6294518759095291, -0.5370601489513318
-0.09085071899963504, -0.4628437293166947
0.9480051946911145, 0.8294754494631589
-0.3219060718493707, 0.6839184260412994
0.01792180019339451, -0.31419528871349134
-0.18743819407473694, 0.911732964462014
0.736861324378788, -0.6893657389753394
0.3064274749588687, 0.5001555286070385
-0.033649922665109244, 0.2604725002673134
-0.7813109444282709, -0.2285824869766011
-0.7633214122843228, 0.2734393270870221
-0.1419850150388673, -0.16682683060014014
0.07338308613754374, -0.2500000938181386
0.07967073234462285, 0.29808193530005944
-0.017198313729339665, 0.12620323344490414
0.679291082487461, -0.9419551730067086
0.24417951252857217, -0.8538946938905614
-0.7430677232087104, 0.5401102969419544
-0.19060369942847233, 0.32680225308032074
-0.21991083544212064, -0.617901639842718
0.24956449128965086, -0.8052883057448517
0.03233246700857628, -0.793795400142224
0.19888228772609962, 0.6674957137441342
-0.20244081342686626, 0.28764752000983074
-0.6862268192276122, 0.3025531262662011
0.8715175586827648, -0.14212403502618431
-0.3497601207123373, -0.20004457085728355
-0.8055354537973207, 0.6471375488231361
-0.20623343728900667, 0.9775042346896738
0.18176557134587057, 0.48944032856152697
0.13622399670488816, 0.7709736801554059
0.7175430548113193, 0.31423770883930313
-0.303745024161185, 0.5701514713887386
-0.2513963205872638, 0.43396848787183995
-0.9420903682699344, 0.7549070224041337
-0.6173247103310977, -0.03210543193243076
-0.10134072737368371, -0.7070421477370994
0.3617939036656712, -0.15782585752525602
0.1800075114713129, -0.2634497629731227
0.8952366729562242, -0.3741356752139777
0.9776123696623535, -0.10149664363023381
0.37146997874188425, 0.42649567507439023
0.06574292536557791, 0.8819403396567338
0.8060445603766726, -0.9640096578569581
-0.37720482204525396, -0.4433928589445175
0.027938667501337777, -0.11825073419802168
0.2124597182015444, -0.5176593938695337
0.5134323137781496, -0.34810781265346513
0.13261600897768733, 0.8529239465931271
0.36703763941857237, 0.12677149118302689
-0.95601858402908, -0.41556851092814817
0.2840424577008023, -0.49579206680746557
-0.27702315207624406, 0.6909767177620896
-0.0066179150337126735, 0.37112840745381637
-0.798810929695926, -0.8386976045090322
-0.5732530334794468, 0.38227408095282867
0.9196647055997362, -0.7727391140353443
0.24921291028239345, 0.40088564135497085
0.30877233791060577, -0.9769383469338437
-0.5557932593177988, 0.8260058780445654
-0.982872463787984, -0.8056380498136442
0.137919798353054, 0.9944091252534315
0.4284911076568514, -0.13279287566120956
0.22420564222453065, 0.45226062674767276
0.15854313321302516, 0.3414782035397319
-0.8049836895005165, -0.3937028695854521
0.08337223569607755, -0.04648440473782789
-0.9076240075087645, 0.5426204355364428
0.69353583860625, 0.08396483749790407
0.001354093511783061, -0.4996201292197817
0.7056582488201921, -0.42986067746588574
0.5339012703979142, -0.4648196412414596
0.6665827458885798, 0.049977469051503354
-0.2506163884359771, 0.18971846934065928
0.33354381688986656, 0.2863692006633203
0.23175435074636996, -0.7405791018573396
-0.28863657099159323, -0.20556717699429816
-0.6391881089243276, -0.43678353744734344
-0.10705297232156141, -0.21452200697703638
0.5822268318190165, 0.330457229390988
0.7398578397658235, -0.9665721720136047
0.6944777550564292, -0.9975772296296985
-0.7603817000128448, -0.7073557900924827
-0.6552283191518626, -0.12516271326843453
-0.157808723006013, 0.5035998163471718
0.13913458383107535, -0.0864719243586709
0.6566922771927608, -0.6601872384960654
0.4337521395746755, -0.037646137096845944
0.6442892859579008, -0.8619414999826389
0.9553066972318729, -0.5501061515899723
-0.00845945802704784, -0.7005567180595906
-0.1852282269035952, -0.06301001112469762
-0.3496267005502447, -0.4709362581317087
0.46398809449879974, -0.8306536316556279
0.9850263217928903, 0.1897611340526706
-0.7153373085993397, -0.30095599847226673
0.834814361884614, 0.7718727440997424
0.34914612672099943, -0.7768813744773082
0.3002079114440439, -0.8371665168915126
-0.9658647751767115, -0.3392960335737438
0.8970749156278108, -0.12439157904161458
-0.3197321736083161, 0.3909464848469397
0.011259715659124536, -0.4967376057899826
0.19694801773267057, 0.2347653578188118
-0.20708069347419822, -0.21690780787689135
0.4060501879815479, 0.3842429114049464
0.7514048125650681, -0.39387143452259443
-0.16310302504687169, -0.43061514757621766
-0.061582517995755204, 0.7910309926367731
-0.012183267459926261, -0.34538366964208156
-0.559999040721002, -0.07610717672259826
0.413723727192274, 0.12978169718744414
0.246170303538624, -0.6910224565786467
0.2007164287187435, 0.5345146330467605
-0.16180743771374018, -0.8631673467708054
0.21691470738966223, 0.4012911474775078
-0.6171128696623283, -0.41609159800377316
-0.14821174937521708, -0.9129910124853495
-0.2874954111527013, -0.884387857431292
-0.5971328207315763, -0.5907284976183123
0.6436485243173979, 0.36733053216575784
-0.8758637409895806, 0.2774156793937024
-0.930225620326157, -0.762465890552029
-0.9556516013640457, 0.09895548836399826
0.05761668083886007, 0.3781253644094327
-0.4023781023537838, -0.45036754514394106
0.7321696328769369, 0.9704110777897419
0.312767875640537, 0.08104740736580252
0.19406421381973038, 0.44286078033338483
-0.09456171337528207, 0.40354219293130034
0.015680443321824944, 0.9099363883457767
-0.4257307629222806, -0.7009372502755615
0.649878368061497, 0.5491001262466466
0.8540499399809871, 0.7211063190868992
-0.1636065559038773, -0.3831242431545063
-0.21450287753850872, -0.9573029908156687
-0.6181142190277136, 0.05666223624670308
0.23401218064936935, 0.8671315544038545
-0.32304237388373913, -0.5968834219912573
0.4051988314415027, 0.2570647424456598
0.413034716422382, -0.9459243651475553
0.741167746253983, -0.4365259082804833
0.14232634917900544, -0.8659924104373116
0.7115082547580935, 0.46114977580486594
0.8569241305290944, -0.08280844118881014
0.8405712133666521, -0.3113768819900655
-0.6088970089047996, -0.21007731550432873
0.8331651712518959, 0.27605936618561366
-0.15141024337127962, 0.22244606107844356
-0.3914618865084447, 0.8576397320256721
0.545777769710242, -0.9743186032525395
-0.316271984246967, -0.6452848175566086
-0.470233978238475, -0.11325322917171676
0.6084540376942706, -0.6079470804949065
0.7181795590591697, 0.4216377069963937
0.8159802136174215, 0.0076183580527062755
0.4013613262104303, 0.7173840463000649
-0.8341036281714971, 0.19364096663921582
0.7994452269164518, 0.5537490940770693
-0.7240012196404115, 0.15148848128568626
0.3958652601091823, 0.6105925084340076
0.30038835770705274, 0.8304633988892218
0.7024170052475829, -0.6406704526949287
0.6094176628502643, 0.3297864441180185
0.04074552745112414, 0.768133835458416
0.34061403250981614, -0.7827702382170008
0.12837047491737374, 0.3252559899673615
0.04274737336546641, 0.6087802327979082
-0.569729485681715, -0.5558864568329362
-0.6314510724925579, 0.4928438290261745
-0.5075166219353602, 0.1256986562602771
-0.21753787147333004, 0.8217328917849183
-0.6792509062034895, -0.670558106449159
0.5074144019204743, -0.2410263272908768
0.16932110114685606, 0.5328530479174627
0.045963401486114996, 0.06637117224738587
0.31439380760251034, -0.057273422384727546
-0.4435944849952407, 0.05611284410645223
0.828226907341238, 0.17798390944432985
-0.5911673001292204, 0.45727437161730866
-0.2470427131080828, -0.10386183509421065
0.8046944362562893, -0.31459061180890746
0.3531070709499482, -0.4630847024701654
0.05837813224674493, -0.11747484910474348
-0.17540482398038026, -0.28172404765281045
0.616231644068584, 0.7459043533621981
0.26430977588379134, -0.6599106662603111
0.9790246872972745, 0.4409481628354628
0.7596750080180064, -0.006484296359384967
-0.41082551618256713, -0.017012494020597124
0.9189883460003287, -0.5715326108192844
0.3601508605069932, -0.6824842862607616
0.40377619557087807, -0.7905065860398084
0.8047300200941199, 0.18827105001323496
0.7612554719060813, 0.3892741536209845
-0.3547722807528646, -0.9693406285275132
-0.9244995343022613, -0.26787082887654745
0.2745081423973892, -0.5109980799740932
0.2757690221076463, -0.33487864277055746
-0.7665288819487068, 0.728638086233061
-0.5663169383177382, -0.5836569600714936
-0.7969035387395598, 0.576049141956771
0.9428500263438933, -0.08402188987559556
0.3028825587888371, -0.1347407168578627
-0.6116294173243404, 0.22385316781070363
-0.361700053168978, -0.6378090986949561
0.8895740570629942, 0.5034881205475514
-0.2239643919821126, -0.3310891010980983
0.8081646695969626, -0.565987405425342
0.29982310455325445, -0.4472884148588667
-0.9959663604591575, 0.24316137448309694
0.6113027378037903, -0.7036339211500331
-0.5884308770161271, 0.3717253543934891
0.18519931638864984, 0.009396577715643506
-0.7427971391158958, 0.6751946548631671
-0.29037211051392253, -0.414373915674932
-0.9037279843222301, -0.8982931407521351
0.9182668692085683, -0.2005320970216511
0.2300091017087551, -0.13657453568668365
0.5980701065547807, -0.059574936475297324
0.33098520402824394, 0.14805064135397816
0.761891003536215, 0.3006754451818252
-0.38797546261290594, -0.2068437335550246
0.2667429116364075, -0.17232027036325603
0.4324728850681716, -0.9825683353624082
-0.7273143615383559, 0.0746217924306476
-0.05624364753433175, 0.6851083570519403
0.7303053367206587, -0.7033289459238339
-0.9332430981090365, 0.3490567070770434
-0.04461964137608376, -0.71548710002639
-0.7122718809288331, -0.4998888821016747
0.3162540484388734, 0.013194731455972164
0.09285020811970823, -0.06724834027740667
-0.41055775054633736, 0.27635799479769174
0.06754593122703434, -0.8703960870317475
-0.048995810473070556, 0.0020693015150612393
0.275077573931815, 0.6753971154855343
0.3736970232397956, -0.05588090737158624
-0.8017014286356747, -0.12683608298665305
-0.9172086000128126, -0.3316977260056875
-0.360870886353305, 0.17823431158819014
-0.7671299713469741, -0.6369498198093584
0.7570194474993268, 0.3422309708991933
0.8955203444421684, -0.8496731345314208
0.44886604266986274, -0.4793561005501932
-0.36672386472451834, -0.9487252667333657
-0.2526357479504826, -0.03578744318729776
-0.5783797877719576, -0.2081865248017163
0.49117832921035975, -0.07234785771284158
0.4105067554347681, -0.5235804322578459
0.3700593605351312, 0.38745022011358254
0.6850228733337009, 0.5937367874347985
-0.33312866153020293, 0.8892179930097956
-0.8058979984727024, -0.7953798158853429
0.4476111533190461, 0.9229995450451038
0.351719392971253, 0.6356712761799694
0.37144850605308166, -0.6288429259791684
0.09271879978133812, -0.873977091269337
-0.7595431725757513, 0.9476690548888624
-0.32077420534275425, 0.6038350698611255
0.6819644720990155, 0.5313885763087203
-0.42325012806371154, 0.21131639404798075
-0.17608708880692991, 0.7080348594802512
-0.8010349048467018, -0.04756358513140868
-0.0097496105765853, 0.1622514947578917
-0.94282868451089, 0.7642110843803123
-0.6013238175342217, -0.4232955052266689
-0.057261341527258036, -0.7893590524037766
0.9910090922781283, -0.45854287482535505
0.41584313480259727, 0.6376021067057347
-0.168094320031402, -0.38345795426878504
-0.9058564522692623, 0.8397323848523448
0.27643684552532055, -0.9522120807400585
0.7604961188870236, 0.9672593119525887
0.27205158385833283, -0.25125297438842753
0.02800079443529313, -0.15468130189188245
0.29927197750603685, 0.1224285179914899
0.6449900576849312, -2.88118957780803e-06
0.12542992626349925, 0.6175787670253452
0.7932501929504179, 0.3050981326347326
-0.4934490527071014, -0.12621628579064081
0.657324760606832, -0.7614772561037271
0.7506534081504914, 0.6585311952005397
-0.9095363331315214, -0.6560580935331135
0.4626411931533352, 0.038408469374162646
0.8351885171487576, 0.10323980574873293
-0.5843821947877352, 0.3982344185983073
0.3069443742944651, -0.5043873937160164
-0.425256727093692, -0.05566238659052902
0.9818619539638507, 0.9075241847234545
-0.5235799824369729, -0.9872234352438083
0.10303857031567953, -0.9411639269574863
-0.36348646844396226, 0.9054693516113552
-0.5617513384877342, 0.3133835760423944
0.588236250774038, -0.9344635714309857
0.8069782343512177, 0.010462823448848635
0.9255664274219486, 0.5240463777798614
0.41981494078777004, 0.790161322519046
0.28624595343461334, 0.6950266572974106
-0.7646849443916113, 0.40938268247786613
-0.3667037768030281, -0.9680968600033819
0.46051015573053, 0.7240909092004915
0.8017005003041364, 0.867841567412851
-0.2238782540418751, -0.27738902306706814
-0.40283493012018456, 0.5340501079621625
0.047842076993939386, 0.7505940737908994
0.12143437066702756, -0.196630575829577
0.34738501762667773, 0.5281667186913928
0.28048381228643393, 0.5317651759573263
-0.3271948637505613, -0.9090466570373346
-0.14357651129211368, -0.8419494828336627
-0.6260366209816197, -0.3786745144316104
0.5191013812992753, 0.3974701461978878
0.7446197973724187, -0.2839899854071406
0.5496783213437848, -0.04719863949527303
-0.3071170595252104, -0.8759035294083795
0.8461268107092428, 0.061317698976057766
-0.002055496104647281, 0.27610307527031774
0.9191531892856231, -0.4877994084717092
-0.8569839457446353, -0.8210163303798803
0.7503597181516566, 0.2626531269523915
-0.07801130490999819, 0.42763404900373136
-0.9436878680086371, -0.2733702523839634
-0.8860516742732756, 0.7243156577116368
-0.8840952987254247, -0.4970554358282504
0.5753635860858899, -0.47002943404777175
0.7646787439767899, 0.18510044076709953
-0.46139979536404985, -0.43401122893075184
0.22166933094261942, -0.860417061769847
-0.43466608720248856, -0.21200596408095418
0.1660384705300353, -0.9137572194522692
-0.4309981673902661, 0.5150484507760842
0.861587621798976, -0.2772598462544369
0.6071655507181313, 0.8628883281645932
0.9652890606799074, 0.14549704444798128
0.8318851258981612, 0.13470561907929346
0.7918170947915182, 0.6162141495412421
-0.0396180980296994, -0.6879145131535975
-0.07124140207651619, -0.8639823316074791
-0.7524713791210906, -0.3386600103713324
-0.17520994693881353, -0.35712850761010895
-0.8018602619239403, 0.6783950191601109
0.12466375116856976, 0.9107973281889254
-0.5872572100685451, 0.21781482659184026
-0.07092953870025243, 0.37933594172961116
-0.016624952065322995, -0.25282179352953915
-0.2867348145064774, -0.4610915073398034
0.7979837155033387, 0.9480381026617459
0.2880961562572253, 0.1007664893541802
-0.3090900793343154, 0.9681594855489144
0.9894476182671683, 0.12587948421971773
-0.5936676207035527, -0.9560233136082077
-0.2851853077505784, 0.9022222222187679
-0.5486773775146607, -0.5265208331012192
0.6168253590776962, -0.23791874985939887
0.49193791810908616, 0.4863261654703033
-0.2850666484822262, 0.0010340390005059152
0.7281674810455416, 0.4191975251576685
-0.333436570402758, 0.605960783563136
-0.9136906406634828, 0.395092782955774
0.17911709082351313, 0.11012499012831611
0.9454152167618797, -0.6779149536558771
-0.14923890700549003, 0.7868897456452801
0.002261588713571294, 0.7212060061997974
0.6667880362199101, -0.6905545902388592
-0.9670799503763048, 0.9874428912109017
0.42250379184627285, -0.5076687021503432
-0.002838961157570763, -0.28171505814986686
0.4056064645183899, -0.7828265682203415
-0.5453252689988917, 0.2069909930796281
0.2702280452861934, 0.13470614218687627
0.3844303935761464, -0.34026818188827934
-0.18633304244068372, 0.18647614852178007
-0.40171352162461593, 0.873058875913951
0.7644464250024072, -0.6082225149598905
-0.35721691546372214, 0.37822869577190876
0.8984711561696956, -0.8375021406625918
0.7094458279893259, 0.9623648799910836
-0.03896649220054038, -0.7403001705025045
0.7607284119779698, 0.8524124821211503
-0.16329375150932623, 0.41766438734664213
0.525710636212074, 0.6330923532659927
-0.4508379141734846, 0.8704109464680445
0.4107548664215255, -0.5030494399259546
0.49328973423173195, 0.03957042726319693
0.07288034702777768, -0.0302040064630944
0.315030559021344, -0.22015218081849386
0.4959818915885372, -0.2646095857292501
-0.40973492391964994, -0.43089555691026193
-0.5559490639569444, 0.3568273387295948
-0.8779940862394562, 0.8374565040952884
-0.0860071561947715, 0.8260868172805484
