0.9009537336782656 0.887 0.9049233335728707 0.944
0.9001020936148547 0.88 0.9039740282884081 0.888
0.8997607991303352 0.873 0.9114386427572385 0.973
0.898259062754794 0.866 0.9126020717628617 0.91
0.8972326000555805 0.871 0.9114848707649877 0.967
0.8942404975538748 0.854 0.9107614037345418 0.915
0.8946409307487272 0.851 0.9286396580421544 0.962
0.8948168018724959 0.851 0.9026329692007716 0.859
0.8966694144402865 0.849 0.9000975732841515 0.881
0.8918582929700003 0.834 0.9249797287451559 0.943
0.8908122673277227 0.827 0.9294088792255568 0.921
0.8929989514791445 0.854 0.9165827704118765 0.937
0.8894044051513531 0.831 0.9103792163272776 0.923
0.890513326558535 0.826 0.9294803832565915 0.941
0.8871153476005502 0.836 0.9088689857236925 0.878
0.8861014925879828 0.816 0.9045315446639581 0.901
0.8911887363148876 0.851 0.9197634939927357 0.966
0.8852436948686786 0.834 0.9330953924774701 0.907
0.8846264029697397 0.837 0.9098080824936304 0.882
0.8855012687039082 0.827 0.9202475373481388 0.939
0.8829824326388748 0.819 0.9045515094217682 0.845
0.881679320866951 0.812 0.9446567775410036 0.94
0.8816923211086652 0.818 0.9137311915802554 0.897
0.8823877348164421 0.825 0.9235342936732578 0.916
0.8807523141686893 0.804 0.9511807793036309 0.93
0.8772224037788195 0.792 0.918049256882241 0.911
0.8801723548038659 0.794 0.9193573387584139 0.883
0.8752230881745806 0.802 0.919042468373731 0.883
0.8782755186639776 0.787 0.9317681459748035 0.922
0.8758573850814572 0.805 0.9334068407307713 0.93
0.8725969678678671 0.777 0.9271192707357034 0.898
0.871712739922857 0.773 0.9236860394733682 0.865
0.8756843195855941 0.797 0.9508211101900245 0.95
0.8717535505502659 0.787 0.95271615456377 0.929
0.8707977831091842 0.774 0.9274038630120764 0.892
0.865021358577059 0.771 0.9406884071444587 0.93
0.8683262726952382 0.779 0.9229580472116216 0.869
0.8688477825665549 0.78 0.9373528593121325 0.905
0.8630460833793923 0.771 0.9122192999695027 0.833
0.8671796670104597 0.771 0.9447240916365615 0.905
0.8683896185885619 0.77 0.928109550621541 0.907
0.8708003409038733 0.779 0.90867914722915 0.866
0.8660970974337773 0.764 0.9383501236732857 0.918
0.8680378041407442 0.793 0.9485342462909478 0.933
0.8649742825203862 0.75 0.9272927176089825 0.892
0.8620166656703531 0.757 0.9361608964556412 0.86
0.8631046883606901 0.775 0.9242709543743624 0.892
0.8626551859848289 0.769 0.9543382737504474 0.92
0.8583909567672913 0.761 0.9439683600457903 0.873
0.8543676586582362 0.749 0.9610792537625357 0.93
0.8582329341897644 0.747 0.9503558433531313 0.899
0.8594434961768994 0.746 0.9458341565374775 0.909
0.8516959672485395 0.745 0.9285625397788942 0.878
0.8515686639662681 0.726 0.9567451253211364 0.901
0.8538418711491865 0.73 0.9400919514150703 0.867
0.8526174940049989 0.739 0.9571769693267452 0.904
0.8571884504326955 0.751 0.9524397266975364 0.913
0.8539989275947654 0.73 0.9429969843497272 0.905
0.8493353627554572 0.739 0.9573136312764957 0.915
0.8580861016744699 0.744 0.9465580882765761 0.916
0.8531825630054032 0.725 0.9225099064449055 0.864
0.8489824873415946 0.738 0.9515633301677425 0.902
0.8570009728109472 0.76 0.9571677392146947 0.914
0.8433418276632568 0.72 0.9566905365089942 0.924
0.8568805098400041 0.74 0.9600570124230347 0.941
0.8496760316058962 0.731 0.9309159341283526 0.86
0.846153348779945 0.731 0.961274665959108 0.9
0.8401820299559288 0.72 0.9779728455102512 0.925
0.8496642834221562 0.734 0.9254351096986171 0.873
0.8477135805668176 0.728 0.9785619686624694 0.934
0.845518939057433 0.708 0.9550807185706149 0.886
0.8398454002395656 0.698 0.9574810153895372 0.886
0.8467712998153347 0.731 0.964479131979006 0.913
0.8445750014585595 0.73 0.954391636308135 0.893
0.8343074255008766 0.704 1.01300415865906 0.939
0.8413514734741163 0.705 0.9685407864117713 0.897
0.8534209656657336 0.733 0.9510177665822046 0.894
0.8414061897310775 0.738 0.9576758150865761 0.885
0.8308127386799949 0.683 0.9503715054444708 0.879
0.8367280697177021 0.714 0.9994210673146291 0.924
0.8452038620533758 0.72 0.9752343491868907 0.896
0.8334276522292294 0.695 0.9693536773073933 0.927
0.8306091724942847 0.68 0.9770870527018644 0.924
0.8377703780681635 0.696 0.9746452849700752 0.921
0.8314596227685118 0.681 0.9732760849426534 0.917
0.8391453461000471 0.705 0.969589316818934 0.899
0.837090904922932 0.698 0.9431227142127535 0.863
0.8326771623318693 0.713 0.96247375429732 0.897
0.8361983220734269 0.724 0.9757622683181131 0.912
0.8272634972409318 0.666 0.9789591256883267 0.918
0.8358405038353887 0.698 0.9691812940076596 0.899
0.8326627919434908 0.683 0.976195689423591 0.914
0.824145587065367 0.657 0.9799142411139884 0.934
0.833917392148935 0.697 0.972223283003131 0.911
0.820548644795505 0.65 1.0041624315768711 0.912
0.8287187980008781 0.683 1.030296016897103 0.947
0.8347307007416623 0.685 0.9741993882597519 0.897
0.8274238002862764 0.693 0.9388180472230269 0.87
0.835067212718489 0.704 0.9500798401334909 0.864
0.8233409141221014 0.673 1.001024991917551 0.922
0.8272568754684093 0.668 0.9777263106948816 0.88
0.8231658052982755 0.666 0.9371182885061135 0.843
0.8194049359005664 0.668 0.9713332560635367 0.891
0.8259535911692976 0.675 0.9483894134407491 0.867
0.8206380678722477 0.663 1.0084249795612559 0.921
0.8162875369376855 0.654 0.9641298737589247 0.871
0.816550572324393 0.651 0.9625996387255933 0.879
0.8156533829833916 0.665 0.9894097251385672 0.908
0.8182604143866188 0.649 0.9917544959644233 0.902
0.8186444335229157 0.667 0.9823268915758817 0.889
0.8249911886058364 0.672 1.0084870889944682 0.933
0.8177112557984078 0.668 1.0171052661550535 0.93
0.8265664008555914 0.69 0.9956398038350264 0.92
0.8115158560329975 0.65 1.002734075951503 0.915
0.8147613086460123 0.65 0.9674141496881825 0.884
0.8149739861368867 0.654 0.9566069348779954 0.868
0.8106058742972183 0.636 1.0008915103259375 0.906
0.8197117981029374 0.659 0.9858783270636751 0.91
0.8142047709578759 0.661 0.9932093477604396 0.9
0.8112464729623785 0.654 0.9502561847578289 0.865
0.8113145300147775 0.641 0.9923502260056941 0.902
0.8171158844138278 0.656 0.9852913087374623 0.905
0.8100356629340634 0.654 0.9727002235331192 0.874
0.8216352854409794 0.668 1.0114463936855087 0.941
0.808667851719961 0.65 1.0326440932249639 0.935
0.8104634225158631 0.652 0.9863609034107288 0.894
0.8159314711893269 0.657 1.0038189005271847 0.911
0.8130315051861677 0.641 0.9683150984941227 0.882
0.8157330278455303 0.663 1.0009598496949161 0.903
0.8176129106686836 0.669 1.021477362007117 0.937
0.8112732027532807 0.631 0.9818942062560241 0.904
0.8121200577250145 0.652 0.9676526420106026 0.877
0.8057734956225056 0.651 0.9993025996735678 0.909
0.8044289432577262 0.63 0.9977256714197161 0.903
0.8105717145003064 0.632 0.9693297208214438 0.858
0.803726509190772 0.634 1.0138827887016115 0.924
0.8077869939333157 0.64 1.0066013445129536 0.918
0.806985118690737 0.628 0.999816018298551 0.903
0.7904568127192464 0.614 1.0115194228661777 0.908
0.8067254837729747 0.642 1.0057414214427287 0.907
0.8096080685381152 0.641 1.0083049811272349 0.919
0.796496834847271 0.626 0.9896633117422166 0.881
0.7981011688409723 0.637 1.0031206117232052 0.914
0.7930260114985053 0.6 0.9835545599376543 0.868
0.7991956133230207 0.624 1.0371093641178442 0.909
0.800123085293258 0.634 1.028956007648518 0.909
0.7901025035374615 0.604 1.0277601622375752 0.929
0.79712725947038 0.605 1.0174884186103852 0.899
0.7969370902119863 0.619 0.9989500057250741 0.884
0.7919944380365747 0.6 1.044226548117247 0.909
0.7918591938114107 0.619 1.0282716991862324 0.911
0.7901422812698375 0.597 1.0241250584183235 0.912
0.7851360388178671 0.598 1.034665979290454 0.905
0.7933905651112316 0.628 1.008136107012535 0.899
0.7946119735600901 0.626 1.0142633292958683 0.897
0.7888468911513605 0.61 1.0348627260566514 0.919
0.7884017510885174 0.599 1.0382686476481735 0.912
0.7961941594279437 0.622 1.0276290920954823 0.911
0.7955391011504018 0.63 1.010416444637194 0.89
0.7854038008301228 0.604 0.9933910959776764 0.864
0.7854068718016365 0.591 1.004126782456444 0.865
0.7912903455930365 0.621 1.0263952206225866 0.911
0.7957312480753718 0.615 0.9899465217229596 0.868
0.7806127970445706 0.599 1.0396933937814155 0.909
0.7881849081744247 0.598 1.0458925241555197 0.929
0.786158988671047 0.619 1.02355875060603 0.906
0.78962959740438 0.597 1.0206570356407934 0.906
0.7901307874028111 0.625 1.0395931407730281 0.914
0.77396871777464 0.552 1.016229566053908 0.877
0.77901570850556 0.592 1.0161950087478209 0.88
0.7778378169913559 0.571 1.0487642934289303 0.913
0.7788088863772843 0.586 1.0329275311650006 0.889
0.7881158966423059 0.613 0.9936794703273459 0.886
0.7678088672958651 0.562 1.0553739098682484 0.89
0.7870654105501608 0.597 1.0154760159908465 0.895
0.7758207523070593 0.591 1.0170427645489126 0.886
0.7830894756765234 0.597 1.0327682497553083 0.885
0.7728916172544923 0.56 1.062669885626529 0.931
0.7810062907705905 0.595 1.0149485518164116 0.89
0.7756869447323486 0.58 1.0376771044825082 0.902
0.7706717666081194 0.555 1.06151470960851 0.91
0.7815133765525876 0.584 1.0244649900091416 0.891
0.7570033518875806 0.545 1.0580743612342531 0.904
0.7666438199372303 0.558 1.0276502800077265 0.876
0.7662680392819334 0.548 1.0384782284632668 0.89
0.7685265078187756 0.554 1.023954987711462 0.885
0.7691745576917159 0.554 1.052986571960325 0.89
0.7693407199225535 0.569 1.0337889878345323 0.899
0.7678604527342576 0.551 1.040876569697072 0.899
0.7626124157660137 0.555 1.0605579201712583 0.894
0.7673648234527088 0.571 1.0505092576825334 0.891
0.7710746100393291 0.566 1.0547140830636466 0.925
0.7760597318572678 0.575 1.058132886034818 0.92
0.7689952763896333 0.556 1.0657228976273716 0.908
0.7677716248199598 0.563 1.070036219609372 0.919
0.7705300456853507 0.582 1.0700035925090612 0.919
0.7646347998624369 0.544 1.0464032193344186 0.905
0.7696254460714639 0.579 1.0630153765216341 0.906
0.7775291480392554 0.58 1.0136553438080773 0.889
0.7668441758856539 0.571 1.0355894576625646 0.9
0.7579683874577025 0.538 1.0610802662812182 0.892
0.7616463826428176 0.562 1.04708788834636 0.901
0.7569334670690133 0.557 1.0654068650225885 0.9
0.7678469730228515 0.573 1.051512553872702 0.894
0.7567451181438559 0.555 1.0854730386167895 0.903
0.7623552529707172 0.547 1.0550617127907285 0.904
0.7759180899695396 0.575 1.0595610539863063 0.915
0.7534248837166949 0.539 1.0846487349475686 0.912
0.7516882289350957 0.519 1.0596195001491862 0.898
0.7646522536386284 0.554 1.0353374080876974 0.89
0.7459778965812894 0.514 1.0784279700768231 0.885
0.7547591666898227 0.517 1.0438102451157905 0.876
0.7670893306072968 0.57 1.0425366411575323 0.881
0.739886410094352 0.506 1.0948118476543998 0.895
0.7506337369604882 0.533 1.0622295281985086 0.901
0.7547652057249042 0.532 1.0805889575605412 0.915
0.7535099268747463 0.527 1.0531595317511753 0.88
0.7633041858312711 0.554 1.0747377577106778 0.908
0.7568296724655985 0.544 1.0370199011734351 0.863
0.7441977988172314 0.51 1.0951395915376887 0.9
0.7600347146249863 0.542 1.0747245406492738 0.907
0.7545380283591551 0.544 1.066653884720501 0.907
0.752918780438202 0.541 1.0586317701825565 0.892
0.7626553815550148 0.557 1.04100687786316 0.9
0.7473143319810461 0.543 1.095966806056327 0.917
0.7472802374262675 0.516 1.0557997364242337 0.894
0.7349971800294013 0.513 1.0945222457577564 0.892
0.7428249226446437 0.511 1.0709702828858112 0.904
0.7347975820399753 0.5 1.0914244114886775 0.884
0.755863622251383 0.54 1.0555554968191927 0.891
0.7474336801758623 0.534 1.0885328476103868 0.912
0.7372548346283884 0.509 1.1039097535218039 0.914
0.7448973850088136 0.507 1.055417725897843 0.881
0.7536027329885172 0.524 1.0807481890384494 0.914
0.7336258180252132 0.491 1.1060810945724167 0.902
0.7343709712466493 0.489 1.1042562589955711 0.915
0.7332139707991272 0.487 1.0847030362163856 0.901
0.7494391322839409 0.513 1.0821401879609538 0.908
0.7456205229316176 0.517 1.0980469946944502 0.907
0.7313117518022272 0.522 1.111501800752624 0.906
0.7403297518528233 0.487 1.074182329641029 0.894
0.7385290825935615 0.508 1.1214581261031724 0.916
0.741583989250935 0.521 1.097044896391327 0.909
0.7345764564976887 0.498 1.0867434850752211 0.887
0.7309589237519273 0.462 1.0935816738462065 0.893
0.7350655247363598 0.5 1.1193086599271023 0.913
0.7335984196890389 0.486 1.1056842941715967 0.902
0.7365175049213158 0.491 1.0962222408063382 0.909
0.7243259804833898 0.478 1.155879357388698 0.921
0.7182927376975868 0.463 1.121786802440789 0.909
0.7274349120060987 0.478 1.1047000505739657 0.893
0.7304098072458433 0.493 1.1139670092570366 0.905
0.736551897519002 0.495 1.1068931171139953 0.916
0.7236224838719346 0.449 1.0893542621673171 0.891
0.7252357248627159 0.47 1.0979443928379355 0.875
0.7335998692214966 0.474 1.0944607158173956 0.904
0.7237843731055562 0.478 1.136426665851479 0.916
0.7231721001882505 0.484 1.1148317654655482 0.912
0.7397545108097794 0.492 1.104220183518942 0.912
0.730627873451717 0.506 1.084699120106792 0.914
0.7271813750339202 0.471 1.0917762151736927 0.894
0.7280296798956623 0.483 1.144981488508668 0.913
0.7285552548048799 0.491 1.1204709493875753 0.897
0.7218561290454577 0.491 1.094575357023021 0.892
0.7285204518631984 0.478 1.114875959617909 0.909
0.7147059365741986 0.47 1.1190448811562141 0.9
0.7283851870285779 0.482 1.1002742360300104 0.888
0.7313634626870159 0.486 1.1209107469433959 0.896
0.7344975260319162 0.487 1.1013417710120368 0.921
0.7286312961228445 0.492 1.1181121196436932 0.898
0.7112549192163153 0.46 1.127150048954246 0.903
0.7176304650623425 0.445 1.120123393005011 0.902
0.7284135138841822 0.479 1.1101144621384664 0.892
0.7131183263797948 0.453 1.1212950580195193 0.902
0.7127537314743806 0.457 1.1163090674532716 0.892
0.7054877444068899 0.449 1.1383583022080888 0.89
0.7186174985621387 0.481 1.1125305830500005 0.893
0.705297503116075 0.44 1.1321205105969194 0.889
0.712442594177647 0.455 1.1381189020639009 0.902
0.7203057377286324 0.486 1.1182558637421252 0.902
0.7091426438952153 0.451 1.1176954509136368 0.888
0.7088766653625187 0.426 1.132079272112563 0.895
0.709358535035553 0.449 1.1504225511163944 0.897
0.6903945163285833 0.425 1.1935694118449347 0.918
0.7067424278458762 0.464 1.155503059416251 0.903
0.7244470039637949 0.47 1.1238537585482324 0.937
0.6975026256138843 0.438 1.1298649850116744 0.899
0.7045745308715253 0.433 1.116587606602883 0.891
0.7077241249763268 0.443 1.1271335526853719 0.904
0.7111687685267594 0.455 1.1179680417031201 0.886
0.6961108701825591 0.424 1.1890381548260307 0.902
0.7152931013802364 0.457 1.1603591750186024 0.915
0.7019802766601952 0.438 1.1402799696850732 0.872
0.7017106363006613 0.425 1.1622586596189073 0.904
0.6933113103549288 0.428 1.148089786237307 0.893
0.6989130680623151 0.427 1.16253941883731 0.908
0.7147282419876354 0.452 1.1134662088316225 0.889
0.7007371843026975 0.428 1.1143881483876747 0.88
0.7172140624722613 0.459 1.1452901479743571 0.905
0.690653869459545 0.416 1.177267235994586 0.924
0.706712500250613 0.435 1.1700282797298065 0.916
0.7021307314676475 0.44 1.1341579142354314 0.883
0.6917101029851415 0.416 1.1575290585137281 0.899
0.707965069839977 0.43 1.1594338978750438 0.913
0.694868983824557 0.417 1.1509470060103273 0.899
0.7014834613002435 0.442 1.134149749773647 0.885
0.689432608948159 0.406 1.1497973430628219 0.884
0.7034224760642697 0.439 1.1633850786558704 0.901
0.6941860958038131 0.424 1.177325117838783 0.908
0.688035916611788 0.415 1.1829990050586539 0.903
0.7008558337797677 0.413 1.1576312793252206 0.898
0.6876604905712701 0.414 1.173967495727378 0.89
0.695352750041132 0.415 1.1557454772111817 0.895
0.6888321074590217 0.397 1.1625637938237312 0.89
0.6943690199614073 0.413 1.1488073025219407 0.898
0.6908348406312124 0.419 1.1835984305667377 0.909
1.1725639453722854 0.409 1.6272839263919023 0.903
0.7143471273392229 0.42 1.20969795301125 0.888
0.7088952159212949 0.409 1.2174452985026785 0.911
0.6963505236837746 0.418 1.1613700191552778 0.895
1.7657403932677933 0.447 2.27570001855928 0.887
1.2758500918887983 0.39 1.7475574476004527 0.872
1.7186129470219897 0.471 2.236405277467581 0.925
254.01591165634457 0.702 257.6871321825237 0.907
0.6932459627453899 0.42 1.1798559089234135 0.911
0.6998383986566924 0.433 1.1487645631452905 0.884
0.8388797468419988 0.392 1.356879585839019 0.895
12.30057698317841 0.479 12.731835544051357 0.891
1.4830759661755875 0.423 1.976372517355642 0.911
18.703439375002944 0.476 18.738111762147554 0.897
1311.3098852098942 0.9 1254.8855645874905 0.9
1.2355896401957316 0.448 1.7266095954305687 0.883
1.7971594489808287 0.405 2.284079811770382 0.907
2.803683560836246 0.482 3.4134637733360145 0.898
211.1479509036941 0.869 215.5615452203812 0.885
1.7775199620802393 0.44 2.243305963371737 0.897
1.4946982580762758 0.407 2.0059569503296473 0.885
7.7550818571574744 0.498 8.198321180270412 0.888
5.888832763742126 0.446 6.399081167107351 0.901
0.7634182637427535 0.433 1.2761242856224373 0.912
1.1762772717522731 0.39 1.6746330730272017 0.901
1.7724410489004372 0.516 2.231348549141242 0.887
17.25133603215274 0.439 18.099187793782107 0.898
1.002827971085912 0.487 1.5013177978243437 0.899
10.056427475653123 0.432 10.499413255966283 0.912
9.406649474934555 0.441 9.76758903409658 0.896
42.36104650908118 0.436 43.519963751475935 0.909
7.2063676498631875 0.495 7.537790357719837 0.914
1.4309559692495188 0.467 1.975657408368317 0.899
125.36737787537962 0.849 123.73578789519121 0.912
54.60882013264058 0.551 55.10977366446489 0.905
3.6040462973667453 0.44 4.216213216404331 0.921
44.354715275038316 0.458 45.1864028031147 0.9
13.827428421336329 0.482 14.077387828811213 0.897
24.059684165837847 0.47 24.309469006784607 0.886
2.6338426764036824 0.508 3.0303223075563483 0.871
12.060633173095061 0.484 12.699183185883683 0.908
7.2552874929833235 0.574 7.786739964396072 0.905
2.9312191826335994 0.503 3.283185184598228 0.868
3.478932537381694 0.472 3.8650624175490904 0.897
7517.572387311026 0.889 7587.8499474903565 0.947
26.474561243819576 0.506 27.529028229528063 0.93
2932.176207506985 0.9 2803.5802555105847 0.9
2.3630871841811087 0.5 3.0438703137565346 0.905
35.455243438440405 0.835 38.88383997827601 0.904
21.00665457695319 0.486 21.84288687253948 0.9
3.072920178558903 0.521 3.6408052936995157 0.877
2.797605868691479 0.449 2.990115027140438 0.904
1.142202263454948 0.461 1.6351777252454034 0.908
2.88022695296633 0.526 3.3207214304285637 0.88
37.07063456653074 0.604 36.882018520469074 0.896
3.7847336309924002 0.605 4.479300421719821 0.905
1.2975128486564738 0.411 1.7900965674168905 0.904
2.746136323029642 0.484 3.2196403911114198 0.884
31.630929058849745 0.563 32.58745996123885 0.884
4.189622544989665 0.475 4.6213594941045395 0.924
665.9475955356617 0.809 676.6894242434929 0.885
15.117117764568688 0.621 16.02321873901892 0.899
95.54892160988976 0.644 97.43467210625802 0.891
12.068382567975803 0.676 12.560103468528824 0.897
35.03925312806263 0.676 35.80745102472698 0.892
32.480832680151224 0.828 28.994273856087027 0.913
56.48884562303838 0.805 60.51277600968965 0.901
14.748788140082798 0.697 15.596661480669074 0.93
11.488845857360593 0.633 11.903268707103654 0.902
1.7473099954502938 0.567 2.2343595384532176 0.919
17.139113679178774 0.669 18.067562934983624 0.913
390.33217828679176 0.836 394.92521552800577 0.898
1.7385971581615216 0.455 2.2057728023159755 0.901
3.7827288852947905 0.438 4.492101624537257 0.878
47.09927833565602 0.64 46.91913833143175 0.903
1.1405204141000207 0.43 1.605209435941444 0.907
33.76518121640734 0.788 34.449396001510756 0.888
25.909202775734084 0.532 26.1470008509991 0.881
5.096303623997504 0.617 5.585633772907932 0.908
149.0232061342669 0.802 143.3358915541685 0.958
4.873955030643133 0.593 5.436920952772007 0.889
132.2862128397908 0.662 132.27557328714954 0.901
16.886410568839455 0.534 17.68962055826726 0.875
11.16808378218136 0.66 11.321709873269947 0.912
12.594741644686152 0.519 13.343436031014079 0.893
158.26096445834327 0.893 164.01984379383575 0.9
68.92758197182657 0.627 68.5548404301505 0.892
2.311458340163144 0.547 2.844209908081606 0.888
6459964.343992431 0.9 6506677.236899199 0.9
46.900403434891196 0.662 47.8891467435064 0.897
3.6069701980011546 0.499 4.037745286323378 0.867
443.1878382892551 0.885 424.39507758134863 0.901
102.72146788477372 0.809 107.41581130152301 0.869
3.286648893403191 0.604 3.7452487048128895 0.884
3.731892393990515 0.471 4.142896062224389 0.913
122.42378545630342 0.807 123.38050130172769 0.908
7.9291304387049975 0.821 8.076279175538696 0.897
23.245906190597314 0.628 22.097051666037597 0.897
27.978758818276088 0.665 28.609436365956103 0.899
3.395575864435802 0.493 3.7796484434148843 0.907
1.203336149083952 0.433 1.6955989464527184 0.892
138.16042812568895 0.66 140.63805643948712 0.89
504.22949299196273 0.773 527.7526857387878 0.899
1.6783333495880886 0.606 2.118419018710843 0.905
5.001802453526323 0.536 5.081135913221556 0.89
30.13414605496592 0.632 30.20714392093011 0.924
2783.3874833718346 0.873 2783.1441473456816 0.901
6.34821680663391 0.803 6.724487139546404 0.894
1.5822481538288995 0.558 2.034180638623968 0.885
893.3610317043683 0.766 895.286020538058 0.88
6.813128633321823 0.463 7.377427900063775 0.924
6.341064626011529 0.523 6.567461470608125 0.912
340.1151735506968 0.884 333.2995184772147 0.889
5.401603356019053 0.768 5.80186035328348 0.889
17.25661958456284 0.773 18.051226506331826 0.888
227.28110647023829 0.615 224.76591646102997 0.911
259.1011074673202 0.844 267.92472284910104 0.868
57.3902454759731 0.759 62.1063286854865 0.907
1064.518760078134 0.9 1084.5431417626417 0.9
5.682364066156095 0.621 6.222637961451885 0.877
281.5457456922387 0.786 277.98460319485287 0.923
91.2282638653309 0.824 92.90067870733307 0.899
7858.933850816782 0.882 7856.5265789676705 0.869
37.61522745176102 0.467 38.7199457591311 0.929
80.51209714024893 0.756 82.05653292767566 0.901
456.20723162462815 0.898 453.8908212532872 0.902
334.58286142339756 0.9 332.48535084875925 0.9
2.6823015403129458 0.494 3.4025785897924745 0.915
2.1022958553543174 0.507 2.678694357628677 0.868
153.86308421937366 0.741 156.04040118366748 0.922
3.455541733241398 0.561 3.9268056109567384 0.912
46.71542651586991 0.775 48.16607655099999 0.924
3.8660799390667915 0.523 4.323894229190375 0.921
