0.920010560984 0.694 3.00305317435 0.886
0.896551140683 0.622 3.0018389469 0.894
0.877033138586 0.581 2.97522721864 0.889
0.860884496535 0.556 2.97098535437 0.887
0.844863130523 0.522 2.93805416566 0.887
0.810857389756 0.462 2.8632161876 0.894
0.788061623674 0.402 2.69842870687 0.899
0.771510519329 0.361 2.68155769109 0.899
0.762622061202 0.356 2.65147376292 0.895
0.732681745931 0.29 2.61140240551 0.891
0.725766684857 0.296 2.57686567747 0.889
0.718178230408 0.291 2.45685420093 0.873
0.699281572783 0.264 2.45979171741 0.857
0.6911046306 0.257 2.44934069786 0.843
0.682092947642 0.245 2.40521592326 0.85
0.672453384894 0.229 2.39201156293 0.845
0.66872121713 0.227 2.38090238878 0.845
0.660901276595 0.219 2.37372888802 0.844
0.651748973895 0.204 2.34850357677 0.845
0.648393855946 0.201 2.32860215297 0.842
0.643995513605 0.195 2.30913497681 0.841
0.639368324716 0.187 2.25877130964 0.832
0.629650866524 0.171 1.97811122082 0.777
0.618387925393 0.17 1.94395069839 0.746
0.611384100185 0.158 1.9295948127 0.743
0.605046105986 0.151 1.89300722639 0.721
0.600280930677 0.149 1.89807277507 0.725
0.599100210695 0.151 1.89439557947 0.723
0.595646848291 0.144 1.86030208028 0.717
0.590479718874 0.141 1.8550811839 0.719
0.582979359059 0.142 1.78236102761 0.712
0.578710255351 0.141 1.77933737341 0.713
0.575201238736 0.14 1.72195683735 0.702
0.567807296257 0.134 1.73816991105 0.708
0.563066994831 0.129 1.74663213768 0.707
0.559981691492 0.125 1.74380689804 0.699
0.552536654093 0.117 1.65691598103 0.672
0.547114611574 0.12 1.63888718038 0.659
0.538651289756 0.12 1.63605445138 0.657
0.535176503468 0.123 1.49731801879 0.614
0.533529204287 0.119 1.48786691876 0.614
0.531995847011 0.118 1.49779934273 0.619
0.528835582993 0.114 1.41203116577 0.579
0.525561232928 0.115 1.40963355011 0.576
0.521513685103 0.11 1.37844713615 0.545
0.517676242189 0.107 1.37553508347 0.533
0.513782776652 0.104 1.36939209788 0.538
0.51324101208 0.103 1.35153952298 0.529
0.510756344181 0.101 1.34147722005 0.522
0.509032670667 0.103 1.33580837221 0.52
0.505017004667 0.103 1.33116159594 0.501
0.504299072317 0.103 1.33351628361 0.509
0.500298224689 0.101 1.33253325127 0.497
0.497743274718 0.1 1.32553736631 0.487
0.495336279674 0.105 1.3247629429 0.484
0.493344002837 0.102 1.32792825838 0.484
0.491028717244 0.103 1.32751122728 0.485
0.489648931704 0.101 1.32614004951 0.483
0.486706278827 0.1 1.34535732857 0.487
0.485766918786 0.101 1.35438977933 0.496
0.485292207543 0.1 1.36206456469 0.496
0.48492988803 0.1 1.35995330934 0.495
0.484191165482 0.103 1.35634192354 0.491
0.482354248761 0.104 1.34983175526 0.485
0.481346887817 0.101 1.35075109437 0.481
0.480277715575 0.102 1.35423299047 0.483
0.478305143195 0.101 1.34623612628 0.489
0.477081365908 0.099 1.33860129446 0.486
0.475786721431 0.099 1.31349179897 0.476
0.474474836106 0.098 1.30830148948 0.467
0.470994168484 0.095 1.28756629954 0.471
0.470339873116 0.094 1.2855480644 0.462
0.470016951627 0.095 1.28531560271 0.463
0.468229608731 0.093 1.29415010591 0.467
0.467297240587 0.095 1.260168774 0.448
0.466632127682 0.094 1.2608719023 0.446
0.464947274427 0.096 1.26461282874 0.444
0.462293355409 0.095 1.26816937719 0.447
0.461185264613 0.094 1.26806541659 0.45
0.460255252464 0.093 1.26901128104 0.449
0.457925411607 0.095 1.26890322248 0.452
0.457246306307 0.096 1.26994983641 0.447
0.455814098721 0.095 1.26180958644 0.438
0.454871005904 0.093 1.2599678787 0.441
0.451746234759 0.096 1.25892097723 0.445
0.450677210027 0.095 1.25939548265 0.445
0.450094436255 0.091 1.26076778506 0.445
0.449527015357 0.093 1.25137784078 0.438
0.449259603276 0.092 1.25313838811 0.44
0.448400278293 0.093 1.25507209798 0.444
0.446326897051 0.093 1.25508012638 0.432
0.445057425746 0.094 1.26012334829 0.434
0.444197971577 0.092 1.25862463305 0.431
0.443447220518 0.094 1.26490805458 0.43
0.442252900913 0.092 1.27109892939 0.436
0.440413890883 0.093 1.297896733 0.447
0.43936898509 0.088 1.29940370982 0.446
0.438798537747 0.089 1.3004826933 0.448
0.437842905803 0.088 1.30889651358 0.45
0.436654010982 0.087 1.31308674411 0.443
0.436093212111 0.088 1.31326036984 0.441
0.435441362749 0.089 1.29458240311 0.436
0.434981362713 0.09 1.29088731598 0.432
0.434389562093 0.088 1.29201457752 0.436
0.433601459323 0.089 1.2857487599 0.427
0.432168941646 0.085 1.29354004572 0.426
0.431213279451 0.086 1.29268340544 0.425
0.430990789866 0.085 1.29706797326 0.427
0.430786827484 0.084 1.29709729959 0.428
0.430290655647 0.085 1.29605490636 0.428
0.429625876348 0.084 1.30099333271 0.426
0.429220111119 0.083 1.30082421688 0.432
0.428664266036 0.082 1.29928857471 0.429
0.428046395904 0.083 1.29890818378 0.432
0.427205591845 0.086 1.301120541 0.433
0.426959061667 0.084 1.30040467187 0.433
0.426321437265 0.085 1.28802657795 0.425
0.425982256105 0.084 1.28654112343 0.425
0.424658219706 0.086 1.28556972046 0.423
0.424388371137 0.085 1.28447879466 0.422
0.42374377419 0.085 1.27910498032 0.424
0.422066997824 0.084 1.27968078713 0.427
0.420815745599 0.086 1.27918053902 0.428
0.419219076821 0.088 1.27743268447 0.426
0.418442260045 0.088 1.27999604704 0.426
0.417925720511 0.087 1.28037513092 0.423
0.417339400374 0.089 1.27864954577 0.421
0.416727946596 0.088 1.28036367808 0.426
0.416258638474 0.088 1.28179885732 0.427
0.41616235737 0.088 1.28170881161 0.425
0.415242793093 0.087 1.28242935628 0.428
0.414760738034 0.087 1.2822746689 0.424
0.413895556467 0.086 1.28963169445 0.429
0.412528042642 0.086 1.28864980074 0.431
0.411896662375 0.086 1.2903858564 0.426
0.411272981235 0.084 1.29087353837 0.428
0.410773699839 0.084 1.29052234521 0.426
0.40919817893 0.085 1.2826328202 0.419
0.408274379674 0.08 1.28274856654 0.419
0.407781059614 0.082 1.28397543133 0.421
0.406695583965 0.079 1.29025425676 0.419
0.405893534054 0.08 1.29017087409 0.421
0.404914785534 0.081 1.29419531149 0.427
0.404249636249 0.081 1.2943921468 0.422
0.403713135773 0.081 1.29293180667 0.422
0.403095439362 0.081 1.291346177 0.419
0.402644252845 0.082 1.301038554 0.422
0.40208844596 0.08 1.29003562479 0.422
0.401944296709 0.08 1.28960973424 0.422
0.401552365451 0.08 1.28983124909 0.421
0.401173907689 0.08 1.28930347017 0.417
0.40062013449 0.08 1.292588368 0.422
0.400210276882 0.076 1.2834595713 0.413
0.399511394758 0.077 1.28324106225 0.416
0.398818091362 0.076 1.29242741781 0.414
0.397817664084 0.076 1.29287533669 0.418
0.397441840941 0.077 1.29301055825 0.418
0.397143171108 0.076 1.28754730229 0.415
0.396846403475 0.075 1.28821397665 0.416
0.396309276565 0.074 1.29145242173 0.42
0.395362592652 0.074 1.2712596258 0.414
0.394833243296 0.074 1.27161615707 0.417
0.394290217001 0.073 1.28091000554 0.415
0.393999961054 0.073 1.28856811106 0.421
0.393757388052 0.073 1.28740319751 0.419
0.392850930509 0.075 1.2794214001 0.42
0.392440030448 0.074 1.2794379702 0.421
0.39151601145 0.073 1.29625950059 0.422
0.391214345786 0.073 1.298224049 0.421
0.390718456427 0.072 1.29549527148 0.415
0.390510439846 0.073 1.3008956378 0.419
0.389392766564 0.073 1.2907326604 0.414
0.38910907083 0.072 1.28977745821 0.414
0.388590880024 0.072 1.29045880906 0.422
0.388423834442 0.07 1.28985656747 0.422
0.38806731402 0.073 1.29084117349 0.419
0.387415555817 0.07 1.30029468769 0.424
0.386987299462 0.071 1.30005958687 0.424
0.386350053772 0.07 1.30080380674 0.426
0.386022960336 0.068 1.30419521192 0.428
0.385337303259 0.069 1.31008529768 0.431
0.385037581378 0.068 1.30983988447 0.433
0.384957372454 0.068 1.31004616048 0.434
0.384698258886 0.068 1.31124622612 0.436
0.384308373056 0.068 1.30956247519 0.433
0.383948248134 0.067 1.30730575747 0.427
0.383169481772 0.069 1.30539345119 0.426
0.382574879873 0.069 1.29974250582 0.42
0.382215840341 0.069 1.30303379533 0.422
0.381638686411 0.068 1.29808660628 0.42
0.381106874008 0.066 1.30183377435 0.42
0.380790237725 0.066 1.31179548388 0.423
0.380044362392 0.066 1.31701626816 0.428
0.379519760411 0.065 1.31995721174 0.428
0.378725751239 0.067 1.30376724143 0.421
0.378131223882 0.067 1.30445635949 0.426
0.37790001806 0.067 1.30557330645 0.422
0.377607095627 0.067 1.3065531273 0.423
0.377237037308 0.065 1.30664035543 0.423
0.37653572373 0.066 1.30798615193 0.424
0.376038161828 0.068 1.30904274818 0.422
0.375523853293 0.067 1.32106105082 0.428
0.375286456363 0.067 1.32017479057 0.432
0.374921210355 0.067 1.31925603385 0.428
0.374377002205 0.066 1.31988582194 0.429
0.374134081492 0.064 1.3157760014 0.429
0.373146852464 0.064 1.28571287469 0.414
0.372424193625 0.063 1.30362881883 0.418
0.371807143829 0.064 1.29763189943 0.414
0.371035699019 0.065 1.30125578817 0.413
0.370342764324 0.06 1.30760854106 0.419
0.370075253581 0.061 1.30709155084 0.42
0.369807467669 0.06 1.30470891793 0.417
0.368927209125 0.062 1.302673117 0.423
0.368350935607 0.061 1.30024139709 0.418
0.368004039069 0.06 1.30119621827 0.418
0.367522942281 0.06 1.30201417369 0.415
0.366947192175 0.059 1.30247893043 0.42
0.366578794987 0.06 1.30166629123 0.419
0.365978736992 0.059 1.2924660589 0.41
0.365694777245 0.061 1.29424393457 0.415
0.36541295587 0.061 1.28927143957 0.41
0.364659425892 0.061 1.30224808162 0.408
0.364071485964 0.061 1.29963092132 0.41
0.363915579571 0.061 1.30219719583 0.409
0.363341506167 0.06 1.30369689757 0.413
0.363158510278 0.06 1.30428931969 0.412
0.362900083455 0.06 1.30691610246 0.41
0.362575127969 0.058 1.30955198375 0.416
0.361433703485 0.058 1.31017019762 0.412
0.361116510168 0.057 1.3000298924 0.404
0.360559344452 0.057 1.30166229945 0.405
0.360166871381 0.056 1.30124371622 0.41
0.35966911023 0.055 1.29610707599 0.409
0.358930272934 0.054 1.29600249093 0.406
0.358602881142 0.054 1.31513294266 0.409
0.35821769535 0.054 1.31666759434 0.414
0.357887061098 0.054 1.32110315096 0.416
0.357261429099 0.053 1.33046496779 0.418
2.02388747388 0.361 2.69871106269 0.546
